nx=[
50
];
ny=[
25
];
x_vx = [
0.0000000000000000e+00
2.0000000000000004e-04
4.0000000000000002e-04
5.9999999999999995e-04
8.0000000000000004e-04
1.0000000000000000e-03
1.2000000000000001e-03
1.4000000000000000e-03
1.6000000000000001e-03
1.8000000000000000e-03
2.0000000000000005e-03
2.2000000000000001e-03
2.4000000000000002e-03
2.5999999999999999e-03
2.8000000000000004e-03
3.0000000000000005e-03
3.2000000000000002e-03
3.4000000000000002e-03
3.6000000000000003e-03
3.8000000000000004e-03
4.0000000000000001e-03
4.1999999999999997e-03
4.4000000000000003e-03
4.5999999999999999e-03
4.7999999999999996e-03
5.0000000000000001e-03
5.2000000000000006e-03
5.4000000000000003e-03
5.5999999999999999e-03
5.7999999999999996e-03
6.0000000000000001e-03
6.1999999999999998e-03
6.4000000000000003e-03
6.6000000000000000e-03
6.8000000000000005e-03
7.0000000000000001e-03
7.1999999999999998e-03
7.4000000000000003e-03
7.6000000000000000e-03
7.8000000000000005e-03
8.0000000000000002e-03
8.2000000000000007e-03
8.4000000000000012e-03
8.6000000000000017e-03
8.8000000000000005e-03
9.0000000000000011e-03
9.2000000000000016e-03
9.4000000000000004e-03
9.6000000000000009e-03
9.8000000000000014e-03
1.0000000000000000e-02
];
y_vx = [
4.9999999999999998e-08
1.4999999999999999e-07
2.4999999999999999e-07
3.4999999999999998e-07
4.4999999999999998e-07
5.5000000000000003e-07
6.4999999999999992e-07
7.5000000000000002e-07
8.4999999999999991e-07
9.5000000000000001e-07
1.0602191071975133e-06
1.1929650318283384e-06
1.3528418531358720e-06
1.5453946419501931e-06
1.7773017825659876e-06
2.0566066017782141e-06
2.3929963387566768e-06
2.7981381313816636e-06
3.2860836721871992e-06
3.8737565687535418e-06
4.5815393118615774e-06
5.4339802094570324e-06
6.4606448052939359e-06
7.6971413123458185e-06
9.1863556264959806e-06
];
x_vy = [
1.0000000000000000e-04
3.0000000000000003e-04
5.0000000000000001e-04
6.9999999999999999e-04
9.0000000000000008e-04
1.1000000000000001e-03
1.3000000000000002e-03
1.5000000000000000e-03
1.7000000000000001e-03
1.9000000000000000e-03
2.1000000000000003e-03
2.3000000000000000e-03
2.5000000000000001e-03
2.7000000000000001e-03
2.9000000000000002e-03
3.1000000000000003e-03
3.3000000000000000e-03
3.5000000000000001e-03
3.7000000000000002e-03
3.9000000000000003e-03
4.1000000000000003e-03
4.3000000000000000e-03
4.5000000000000005e-03
4.7000000000000002e-03
4.8999999999999998e-03
5.1000000000000004e-03
5.3000000000000000e-03
5.5000000000000005e-03
5.7000000000000002e-03
5.8999999999999999e-03
6.1000000000000004e-03
6.3000000000000000e-03
6.5000000000000006e-03
6.7000000000000002e-03
6.9000000000000008e-03
7.1000000000000004e-03
7.3000000000000001e-03
7.5000000000000006e-03
7.7000000000000002e-03
7.9000000000000008e-03
8.0999999999999996e-03
8.3000000000000001e-03
8.5000000000000006e-03
8.7000000000000011e-03
8.8999999999999999e-03
9.1000000000000004e-03
9.3000000000000010e-03
9.4999999999999998e-03
9.7000000000000003e-03
9.9000000000000008e-03
];
y_vy = [
0.0000000000000000e+00
9.9999999999999995e-08
1.9999999999999999e-07
2.9999999999999999e-07
3.9999999999999998e-07
5.0000000000000008e-07
5.9999999999999997e-07
7.0000000000000007e-07
7.9999999999999996e-07
9.0000000000000007e-07
9.9999999999999995e-07
1.1204382143950265e-06
1.2654918492616504e-06
1.4401918570100939e-06
1.6505974268902923e-06
1.9040061382416830e-06
2.2092070653147452e-06
2.5767856121986084e-06
3.0194906505647188e-06
3.5526766938096792e-06
4.1948364436974048e-06
4.9682421800257492e-06
5.8997182388883155e-06
7.0215713716995563e-06
8.3727112529920806e-06
9.9999999999998805e-06
];
