nx=[
50
];
ny=[
25
];
x_vx = [
0.0000000000000000e+00
2.0000000000000004e-04
4.0000000000000002e-04
5.9999999999999995e-04
8.0000000000000004e-04
1.0000000000000000e-03
1.2000000000000001e-03
1.4000000000000000e-03
1.6000000000000001e-03
1.8000000000000000e-03
2.0000000000000005e-03
2.2000000000000001e-03
2.4000000000000002e-03
2.5999999999999999e-03
2.8000000000000004e-03
3.0000000000000005e-03
3.2000000000000002e-03
3.4000000000000002e-03
3.6000000000000003e-03
3.8000000000000004e-03
4.0000000000000001e-03
4.1999999999999997e-03
4.4000000000000003e-03
4.5999999999999999e-03
4.7999999999999996e-03
5.0000000000000001e-03
5.2000000000000006e-03
5.4000000000000003e-03
5.5999999999999999e-03
5.7999999999999996e-03
6.0000000000000001e-03
6.1999999999999998e-03
6.4000000000000003e-03
6.6000000000000000e-03
6.8000000000000005e-03
7.0000000000000001e-03
7.1999999999999998e-03
7.4000000000000003e-03
7.6000000000000000e-03
7.8000000000000005e-03
8.0000000000000002e-03
8.2000000000000007e-03
8.4000000000000012e-03
8.6000000000000017e-03
8.8000000000000005e-03
9.0000000000000011e-03
9.2000000000000016e-03
9.4000000000000004e-03
9.6000000000000009e-03
9.8000000000000014e-03
1.0000000000000000e-02
];
y_vx = [
1.2500000000000001e-06
3.7500000000000005e-06
6.2500000000000003e-06
8.7500000000000009e-06
1.1250000000000001e-05
1.3750000000000000e-05
1.6250000000000002e-05
1.8750000000000002e-05
2.1461980440226581e-05
2.4633870326537245e-05
2.8343663104408208e-05
3.2682578687241148e-05
3.7757306458358003e-05
4.3692628651035987e-05
5.0634488612746343e-05
5.8753579398996403e-05
6.8249540936533552e-05
7.9355868959752137e-05
9.2345656425900870e-05
1.0753830858446873e-04
1.2530739681726263e-04
1.4608984436686656e-04
1.7039666982091121e-04
1.9882555252316307e-04
2.3207552888171345e-04
];
x_vy = [
1.0000000000000000e-04
3.0000000000000003e-04
5.0000000000000001e-04
6.9999999999999999e-04
9.0000000000000008e-04
1.1000000000000001e-03
1.3000000000000002e-03
1.5000000000000000e-03
1.7000000000000001e-03
1.9000000000000000e-03
2.1000000000000003e-03
2.3000000000000000e-03
2.5000000000000001e-03
2.7000000000000001e-03
2.9000000000000002e-03
3.1000000000000003e-03
3.3000000000000000e-03
3.5000000000000001e-03
3.7000000000000002e-03
3.9000000000000003e-03
4.1000000000000003e-03
4.3000000000000000e-03
4.5000000000000005e-03
4.7000000000000002e-03
4.8999999999999998e-03
5.1000000000000004e-03
5.3000000000000000e-03
5.5000000000000005e-03
5.7000000000000002e-03
5.8999999999999999e-03
6.1000000000000004e-03
6.3000000000000000e-03
6.5000000000000006e-03
6.7000000000000002e-03
6.9000000000000008e-03
7.1000000000000004e-03
7.3000000000000001e-03
7.5000000000000006e-03
7.7000000000000002e-03
7.9000000000000008e-03
8.0999999999999996e-03
8.3000000000000001e-03
8.5000000000000006e-03
8.7000000000000011e-03
8.8999999999999999e-03
9.1000000000000004e-03
9.3000000000000010e-03
9.4999999999999998e-03
9.7000000000000003e-03
9.9000000000000008e-03
];
y_vy = [
0.0000000000000000e+00
2.5000000000000006e-06
5.0000000000000004e-06
7.5000000000000010e-06
1.0000000000000001e-05
1.2500000000000001e-05
1.5000000000000002e-05
1.7500000000000002e-05
2.0000000000000002e-05
2.2923960880453161e-05
2.6343779772621329e-05
3.0343546436195084e-05
3.5021610938287213e-05
4.0493001978428801e-05
4.6892255323643173e-05
5.4376721901849513e-05
6.3130436896143301e-05
7.3368644976923804e-05
8.5343092942580470e-05
9.9348219909221256e-05
1.1572839725971621e-04
1.3488639637480903e-04
1.5729329235892410e-04
1.8350004728289831e-04
2.1415105776342782e-04
2.4999999999999908e-04
];
