nx=[
100
];
ny=[
25
];
x_vx = [
0.0000000000000000e+00
2.0000000000000004e-04
4.0000000000000002e-04
5.9999999999999995e-04
8.0000000000000004e-04
1.0000000000000000e-03
1.2000000000000001e-03
1.4000000000000000e-03
1.6000000000000001e-03
1.8000000000000000e-03
2.0000000000000005e-03
2.2000000000000001e-03
2.4000000000000002e-03
2.6000000000000003e-03
2.8000000000000004e-03
3.0000000000000005e-03
3.2000000000000002e-03
3.4000000000000002e-03
3.6000000000000003e-03
3.8000000000000004e-03
4.0000000000000001e-03
4.1999999999999997e-03
4.4000000000000003e-03
4.5999999999999999e-03
4.7999999999999996e-03
5.0000000000000001e-03
5.1999999999999998e-03
5.4000000000000003e-03
5.5999999999999999e-03
5.7999999999999996e-03
6.0000000000000001e-03
6.1999999999999998e-03
6.4000000000000003e-03
6.6000000000000000e-03
6.8000000000000005e-03
7.0000000000000001e-03
7.1999999999999998e-03
7.4000000000000003e-03
7.6000000000000000e-03
7.8000000000000005e-03
8.0000000000000002e-03
8.2000000000000007e-03
8.4000000000000012e-03
8.6000000000000017e-03
8.8000000000000005e-03
9.0000000000000011e-03
9.2000000000000016e-03
9.4000000000000004e-03
9.6000000000000009e-03
9.8000000000000014e-03
1.0000000000000002e-02
1.0200000000000001e-02
1.0400000000000001e-02
1.0600000000000002e-02
1.0800000000000001e-02
1.1000000000000001e-02
1.1200000000000002e-02
1.1400000000000000e-02
1.1600000000000001e-02
1.1800000000000001e-02
1.2000000000000002e-02
1.2200000000000001e-02
1.2400000000000001e-02
1.2600000000000002e-02
1.2800000000000001e-02
1.3000000000000001e-02
1.3200000000000002e-02
1.3400000000000000e-02
1.3600000000000001e-02
1.3800000000000002e-02
1.4000000000000002e-02
1.4200000000000001e-02
1.4400000000000001e-02
1.4600000000000002e-02
1.4800000000000001e-02
1.5000000000000001e-02
1.5200000000000002e-02
1.5400000000000000e-02
1.5600000000000003e-02
1.5800000000000002e-02
1.6000000000000000e-02
1.6200000000000003e-02
1.6400000000000001e-02
1.6600000000000000e-02
1.6800000000000002e-02
1.7000000000000001e-02
1.7200000000000000e-02
1.7400000000000002e-02
1.7600000000000001e-02
1.7800000000000000e-02
1.8000000000000002e-02
1.8200000000000001e-02
1.8400000000000003e-02
1.8600000000000002e-02
1.8800000000000001e-02
1.9000000000000003e-02
1.9200000000000002e-02
1.9400000000000001e-02
1.9600000000000003e-02
1.9800000000000002e-02
2.0000000000000000e-02
];
y_vx = [
1.0000000000000002e-06
3.0000000000000005e-06
5.0000000000000013e-06
7.0000000000000007e-06
9.0000000000000019e-06
1.1000000000000001e-05
1.3000000000000003e-05
1.5000000000000002e-05
1.7000000000000003e-05
1.9000000000000004e-05
2.1230961760731590e-05
2.3977190377846579e-05
2.7357692791741912e-05
3.1518961995307888e-05
3.6641325261007578e-05
4.2946758565660059e-05
5.0708505848530655e-05
6.0262919950206643e-05
7.2024038355564412e-05
8.6501525375996238e-05
1.0432275828963568e-04
1.2626001453541695e-04
1.5326393810934384e-04
1.8650473541856607e-04
2.2742288580244796e-04
];
x_vy = [
1.0000000000000000e-04
3.0000000000000003e-04
5.0000000000000001e-04
6.9999999999999999e-04
9.0000000000000008e-04
1.1000000000000001e-03
1.3000000000000002e-03
1.5000000000000000e-03
1.7000000000000001e-03
1.9000000000000000e-03
2.1000000000000003e-03
2.3000000000000000e-03
2.5000000000000001e-03
2.7000000000000001e-03
2.9000000000000002e-03
3.1000000000000003e-03
3.3000000000000000e-03
3.5000000000000001e-03
3.7000000000000002e-03
3.9000000000000003e-03
4.1000000000000003e-03
4.3000000000000000e-03
4.5000000000000005e-03
4.7000000000000002e-03
4.8999999999999998e-03
5.1000000000000004e-03
5.3000000000000000e-03
5.5000000000000005e-03
5.7000000000000002e-03
5.8999999999999999e-03
6.1000000000000004e-03
6.3000000000000000e-03
6.5000000000000006e-03
6.7000000000000002e-03
6.9000000000000008e-03
7.1000000000000004e-03
7.3000000000000001e-03
7.5000000000000006e-03
7.7000000000000002e-03
7.9000000000000008e-03
8.0999999999999996e-03
8.3000000000000001e-03
8.5000000000000006e-03
8.7000000000000011e-03
8.8999999999999999e-03
9.1000000000000004e-03
9.3000000000000010e-03
9.4999999999999998e-03
9.7000000000000003e-03
9.9000000000000008e-03
1.0100000000000001e-02
1.0300000000000000e-02
1.0500000000000001e-02
1.0700000000000001e-02
1.0900000000000000e-02
1.1100000000000000e-02
1.1300000000000001e-02
1.1500000000000000e-02
1.1700000000000000e-02
1.1900000000000001e-02
1.2100000000000001e-02
1.2300000000000000e-02
1.2500000000000001e-02
1.2700000000000001e-02
1.2900000000000000e-02
1.3100000000000001e-02
1.3300000000000001e-02
1.3500000000000000e-02
1.3700000000000000e-02
1.3900000000000001e-02
1.4100000000000001e-02
1.4300000000000000e-02
1.4500000000000001e-02
1.4700000000000001e-02
1.4900000000000000e-02
1.5100000000000001e-02
1.5300000000000001e-02
1.5500000000000000e-02
1.5700000000000002e-02
1.5900000000000001e-02
1.6100000000000000e-02
1.6300000000000002e-02
1.6500000000000001e-02
1.6700000000000000e-02
1.6900000000000002e-02
1.7100000000000001e-02
1.7299999999999999e-02
1.7500000000000002e-02
1.7700000000000000e-02
1.7899999999999999e-02
1.8100000000000002e-02
1.8300000000000000e-02
1.8500000000000003e-02
1.8700000000000001e-02
1.8900000000000000e-02
1.9100000000000002e-02
1.9300000000000001e-02
1.9500000000000000e-02
1.9700000000000002e-02
1.9900000000000001e-02
];
y_vy = [
0.0000000000000000e+00
2.0000000000000003e-06
4.0000000000000007e-06
6.0000000000000002e-06
8.0000000000000013e-06
1.0000000000000001e-05
1.2000000000000002e-05
1.4000000000000001e-05
1.6000000000000003e-05
1.8000000000000004e-05
2.0000000000000005e-05
2.2461923521463175e-05
2.5492457234229983e-05
2.9222928349253843e-05
3.3814995641361930e-05
3.9467654880653226e-05
4.6425862250666893e-05
5.4991149446394417e-05
6.5534690454018883e-05
7.8513386257109927e-05
9.4489664494882549e-05
1.1415585208438881e-04
1.3836417698644509e-04
1.6816369923224262e-04
2.0484577160488951e-04
2.5000000000000640e-04
];
